44030566401310403472
44030599001320590203
44030599001326008186
44030599001326008152
44030500001310093828
44030500001310007305
44030500001310915414
44030551001320002030
44030599001310121009
44030599001321870001
44030599001310121004
44030599001320056384
44030557001310002007
44030599001310921555
44030599001320245245
44030599001320201381
44030599001320201381
44030599001320113148
44030598001320015743
44030599001320284131
44030000581314047876
44030500001310768004
44030599001326008194
44030599001326008153
44030599001326008256
44030599001326008335
44030599001320051215
44030599001320051211
44030599001320051269
44030599001320051271
44030599001320051281
44030599001320051291